{
 "cells": [
  {
   "cell_type": "markdown",
   "metadata": {},
   "source": [
    "###logistic regression for multiclass"
   ]
  },
  {
   "cell_type": "code",
   "execution_count": 1,
   "metadata": {},
   "outputs": [],
   "source": [
    "#make a prediction with a multiclass logitic regression model\n",
    "from sklearn.datasets import make_classification\n",
    "from sklearn.linear_model import LogisticRegression\n",
    "#define dataset\n",
    "x,y=make_classification(n_samples=1000,n_features=10,n_informative=5,n_redundant=5,n_classes=3,random_state=1)"
   ]
  },
  {
   "cell_type": "code",
   "execution_count": 3,
   "metadata": {},
   "outputs": [
    {
     "data": {
      "text/plain": [
       "array([[ 1.89149379, -0.39847585,  1.63856893, ...,  0.58810926,\n",
       "        -0.02542177, -0.52835426],\n",
       "       [ 1.86913773, -0.56336215,  2.03411807, ..., -0.55633   ,\n",
       "        -0.27340013,  0.72129251],\n",
       "       [ 1.95259701, -2.83144572,  0.19055535, ..., -0.60957741,\n",
       "        -2.07750191, -1.75469982],\n",
       "       ...,\n",
       "       [ 1.98033054,  1.37228804,  1.67376262, ...,  2.75687956,\n",
       "        -0.20719842,  0.39299534],\n",
       "       [-1.54305631, -0.27530218,  0.38744703, ...,  0.72769107,\n",
       "         0.51983329, -1.92306657],\n",
       "       [ 1.17970389, -3.3812155 , -0.1498426 , ...,  1.24640268,\n",
       "        -4.00356845, -3.01027048]])"
      ]
     },
     "execution_count": 3,
     "metadata": {},
     "output_type": "execute_result"
    }
   ],
   "source": [
    "x"
   ]
  },
  {
   "cell_type": "code",
   "execution_count": 2,
   "metadata": {},
   "outputs": [
    {
     "data": {
      "text/plain": [
       "array([1, 0, 1, 2, 0, 2, 2, 2, 0, 0, 1, 0, 2, 2, 0, 1, 1, 0, 1, 0, 2, 0,\n",
       "       2, 2, 0, 0, 2, 0, 1, 1, 2, 1, 0, 2, 0, 0, 0, 1, 2, 2, 2, 1, 0, 1,\n",
       "       1, 1, 0, 0, 1, 1, 1, 1, 2, 1, 1, 2, 2, 2, 1, 0, 2, 2, 2, 1, 2, 1,\n",
       "       1, 0, 0, 0, 2, 1, 1, 0, 0, 0, 0, 0, 2, 1, 2, 0, 2, 0, 1, 2, 2, 2,\n",
       "       0, 1, 0, 2, 1, 0, 2, 1, 1, 2, 0, 1, 0, 0, 1, 1, 1, 0, 2, 2, 2, 2,\n",
       "       1, 2, 0, 2, 0, 0, 0, 0, 0, 1, 2, 2, 1, 2, 2, 2, 2, 2, 1, 0, 0, 1,\n",
       "       0, 0, 2, 2, 0, 0, 1, 1, 1, 1, 0, 2, 0, 1, 2, 0, 2, 1, 2, 0, 0, 1,\n",
       "       0, 0, 2, 2, 2, 2, 2, 1, 2, 0, 1, 2, 2, 0, 2, 1, 0, 0, 0, 0, 0, 0,\n",
       "       2, 0, 2, 1, 2, 0, 0, 0, 0, 0, 0, 1, 1, 0, 1, 2, 1, 0, 2, 1, 1, 0,\n",
       "       1, 1, 1, 1, 2, 1, 0, 2, 2, 1, 2, 1, 1, 2, 0, 0, 0, 2, 2, 2, 0, 2,\n",
       "       0, 1, 1, 2, 1, 1, 1, 1, 2, 1, 0, 1, 1, 2, 1, 1, 1, 1, 2, 0, 2, 2,\n",
       "       1, 1, 0, 1, 0, 0, 1, 1, 2, 2, 2, 2, 1, 2, 1, 1, 0, 1, 1, 1, 1, 2,\n",
       "       1, 2, 1, 2, 0, 0, 0, 2, 1, 1, 0, 0, 1, 2, 2, 0, 1, 0, 0, 1, 1, 1,\n",
       "       1, 2, 1, 2, 2, 2, 1, 0, 0, 1, 0, 0, 2, 1, 1, 0, 2, 2, 0, 2, 0, 2,\n",
       "       1, 0, 2, 2, 1, 1, 2, 1, 2, 2, 2, 0, 1, 0, 1, 2, 1, 0, 2, 2, 0, 1,\n",
       "       2, 1, 2, 1, 1, 2, 0, 1, 0, 0, 1, 2, 2, 1, 2, 2, 2, 0, 1, 1, 0, 1,\n",
       "       2, 0, 2, 0, 0, 0, 1, 2, 1, 0, 0, 0, 1, 0, 0, 1, 1, 1, 0, 2, 0, 0,\n",
       "       1, 0, 1, 1, 1, 2, 1, 2, 0, 2, 1, 2, 0, 1, 1, 1, 1, 0, 0, 0, 1, 2,\n",
       "       2, 1, 0, 2, 2, 1, 0, 1, 1, 0, 1, 2, 0, 0, 2, 1, 0, 2, 0, 0, 1, 2,\n",
       "       0, 2, 2, 0, 2, 2, 2, 0, 2, 2, 0, 2, 1, 0, 0, 1, 1, 2, 1, 2, 1, 0,\n",
       "       0, 1, 2, 1, 2, 1, 0, 1, 0, 1, 0, 0, 0, 2, 1, 0, 0, 1, 2, 1, 0, 0,\n",
       "       0, 0, 0, 1, 0, 0, 1, 2, 1, 1, 1, 0, 1, 1, 2, 2, 0, 1, 2, 2, 0, 2,\n",
       "       2, 0, 1, 0, 2, 2, 1, 1, 2, 2, 2, 0, 2, 2, 0, 0, 1, 0, 1, 1, 1, 1,\n",
       "       0, 1, 0, 1, 1, 1, 2, 2, 1, 2, 2, 2, 2, 2, 0, 1, 0, 0, 0, 1, 1, 1,\n",
       "       2, 1, 1, 2, 0, 0, 0, 1, 2, 1, 0, 0, 0, 0, 0, 0, 1, 1, 1, 2, 0, 1,\n",
       "       0, 1, 2, 2, 2, 1, 1, 1, 1, 0, 0, 2, 0, 2, 0, 2, 1, 0, 2, 0, 1, 1,\n",
       "       0, 1, 2, 0, 1, 1, 1, 2, 2, 2, 2, 0, 1, 0, 0, 2, 0, 2, 2, 2, 2, 0,\n",
       "       0, 2, 0, 0, 2, 1, 1, 0, 1, 2, 0, 0, 0, 0, 0, 1, 2, 2, 1, 1, 1, 1,\n",
       "       1, 1, 2, 2, 2, 0, 1, 1, 0, 1, 2, 1, 1, 0, 2, 2, 0, 2, 1, 0, 0, 2,\n",
       "       2, 2, 0, 2, 1, 0, 0, 0, 2, 1, 0, 1, 1, 0, 2, 0, 2, 2, 0, 2, 1, 2,\n",
       "       2, 2, 2, 0, 1, 2, 2, 2, 0, 1, 2, 2, 0, 1, 0, 0, 0, 2, 1, 0, 0, 1,\n",
       "       1, 0, 1, 0, 2, 0, 2, 1, 1, 2, 1, 0, 1, 2, 1, 2, 2, 2, 2, 1, 0, 2,\n",
       "       2, 2, 0, 0, 1, 0, 0, 2, 1, 0, 1, 2, 0, 0, 1, 0, 1, 1, 1, 2, 2, 1,\n",
       "       2, 1, 1, 0, 2, 1, 0, 1, 1, 2, 1, 1, 1, 0, 2, 0, 2, 0, 0, 1, 0, 0,\n",
       "       0, 0, 0, 1, 2, 0, 0, 2, 0, 1, 0, 0, 2, 0, 1, 1, 0, 0, 0, 2, 2, 0,\n",
       "       2, 0, 0, 2, 2, 1, 0, 1, 1, 2, 0, 0, 0, 0, 2, 1, 1, 1, 1, 1, 2, 0,\n",
       "       0, 0, 0, 0, 0, 2, 2, 0, 0, 0, 0, 2, 0, 2, 0, 1, 2, 2, 0, 2, 0, 1,\n",
       "       1, 0, 2, 1, 2, 1, 2, 1, 2, 1, 1, 2, 0, 2, 2, 0, 1, 2, 1, 2, 1, 2,\n",
       "       0, 1, 2, 1, 1, 0, 0, 0, 2, 2, 1, 1, 2, 2, 2, 2, 0, 1, 2, 0, 2, 2,\n",
       "       1, 2, 1, 2, 2, 2, 1, 0, 0, 0, 0, 0, 0, 0, 1, 2, 2, 2, 2, 2, 1, 0,\n",
       "       2, 0, 2, 2, 1, 1, 0, 2, 1, 0, 0, 1, 1, 2, 1, 2, 2, 2, 0, 0, 2, 1,\n",
       "       2, 0, 0, 1, 1, 0, 1, 1, 1, 0, 2, 0, 0, 1, 2, 2, 1, 2, 2, 2, 2, 1,\n",
       "       2, 0, 0, 0, 1, 2, 0, 1, 1, 1, 2, 1, 0, 1, 1, 0, 2, 2, 0, 2, 2, 1,\n",
       "       2, 2, 1, 2, 2, 2, 1, 2, 2, 0, 0, 1, 1, 0, 0, 2, 1, 0, 0, 2, 1, 1,\n",
       "       1, 2, 2, 0, 2, 1, 1, 2, 1, 1, 1, 2, 0, 2, 1, 2, 0, 1, 0, 2, 0, 2,\n",
       "       1, 1, 2, 1, 2, 2, 1, 0, 2, 1])"
      ]
     },
     "execution_count": 2,
     "metadata": {},
     "output_type": "execute_result"
    }
   ],
   "source": [
    "y"
   ]
  },
  {
   "cell_type": "code",
   "execution_count": 8,
   "metadata": {},
   "outputs": [],
   "source": [
    "#define multinomial logistic regresssion model for multiclass classification\n",
    "model=LogisticRegression(multi_class='multinomial',solver='lbfgs')"
   ]
  },
  {
   "cell_type": "code",
   "execution_count": 9,
   "metadata": {},
   "outputs": [],
   "source": [
    "#train test split\n",
    "from sklearn.model_selection import train_test_split\n",
    "x_train,x_test,y_train,y_test=train_test_split(x,y,test_size=0.20,random_state=42)"
   ]
  },
  {
   "cell_type": "code",
   "execution_count": 10,
   "metadata": {},
   "outputs": [
    {
     "data": {
      "text/html": [
       "<style>#sk-container-id-1 {\n",
       "  /* Definition of color scheme common for light and dark mode */\n",
       "  --sklearn-color-text: black;\n",
       "  --sklearn-color-line: gray;\n",
       "  /* Definition of color scheme for unfitted estimators */\n",
       "  --sklearn-color-unfitted-level-0: #fff5e6;\n",
       "  --sklearn-color-unfitted-level-1: #f6e4d2;\n",
       "  --sklearn-color-unfitted-level-2: #ffe0b3;\n",
       "  --sklearn-color-unfitted-level-3: chocolate;\n",
       "  /* Definition of color scheme for fitted estimators */\n",
       "  --sklearn-color-fitted-level-0: #f0f8ff;\n",
       "  --sklearn-color-fitted-level-1: #d4ebff;\n",
       "  --sklearn-color-fitted-level-2: #b3dbfd;\n",
       "  --sklearn-color-fitted-level-3: cornflowerblue;\n",
       "\n",
       "  /* Specific color for light theme */\n",
       "  --sklearn-color-text-on-default-background: var(--sg-text-color, var(--theme-code-foreground, var(--jp-content-font-color1, black)));\n",
       "  --sklearn-color-background: var(--sg-background-color, var(--theme-background, var(--jp-layout-color0, white)));\n",
       "  --sklearn-color-border-box: var(--sg-text-color, var(--theme-code-foreground, var(--jp-content-font-color1, black)));\n",
       "  --sklearn-color-icon: #696969;\n",
       "\n",
       "  @media (prefers-color-scheme: dark) {\n",
       "    /* Redefinition of color scheme for dark theme */\n",
       "    --sklearn-color-text-on-default-background: var(--sg-text-color, var(--theme-code-foreground, var(--jp-content-font-color1, white)));\n",
       "    --sklearn-color-background: var(--sg-background-color, var(--theme-background, var(--jp-layout-color0, #111)));\n",
       "    --sklearn-color-border-box: var(--sg-text-color, var(--theme-code-foreground, var(--jp-content-font-color1, white)));\n",
       "    --sklearn-color-icon: #878787;\n",
       "  }\n",
       "}\n",
       "\n",
       "#sk-container-id-1 {\n",
       "  color: var(--sklearn-color-text);\n",
       "}\n",
       "\n",
       "#sk-container-id-1 pre {\n",
       "  padding: 0;\n",
       "}\n",
       "\n",
       "#sk-container-id-1 input.sk-hidden--visually {\n",
       "  border: 0;\n",
       "  clip: rect(1px 1px 1px 1px);\n",
       "  clip: rect(1px, 1px, 1px, 1px);\n",
       "  height: 1px;\n",
       "  margin: -1px;\n",
       "  overflow: hidden;\n",
       "  padding: 0;\n",
       "  position: absolute;\n",
       "  width: 1px;\n",
       "}\n",
       "\n",
       "#sk-container-id-1 div.sk-dashed-wrapped {\n",
       "  border: 1px dashed var(--sklearn-color-line);\n",
       "  margin: 0 0.4em 0.5em 0.4em;\n",
       "  box-sizing: border-box;\n",
       "  padding-bottom: 0.4em;\n",
       "  background-color: var(--sklearn-color-background);\n",
       "}\n",
       "\n",
       "#sk-container-id-1 div.sk-container {\n",
       "  /* jupyter's `normalize.less` sets `[hidden] { display: none; }`\n",
       "     but bootstrap.min.css set `[hidden] { display: none !important; }`\n",
       "     so we also need the `!important` here to be able to override the\n",
       "     default hidden behavior on the sphinx rendered scikit-learn.org.\n",
       "     See: https://github.com/scikit-learn/scikit-learn/issues/21755 */\n",
       "  display: inline-block !important;\n",
       "  position: relative;\n",
       "}\n",
       "\n",
       "#sk-container-id-1 div.sk-text-repr-fallback {\n",
       "  display: none;\n",
       "}\n",
       "\n",
       "div.sk-parallel-item,\n",
       "div.sk-serial,\n",
       "div.sk-item {\n",
       "  /* draw centered vertical line to link estimators */\n",
       "  background-image: linear-gradient(var(--sklearn-color-text-on-default-background), var(--sklearn-color-text-on-default-background));\n",
       "  background-size: 2px 100%;\n",
       "  background-repeat: no-repeat;\n",
       "  background-position: center center;\n",
       "}\n",
       "\n",
       "/* Parallel-specific style estimator block */\n",
       "\n",
       "#sk-container-id-1 div.sk-parallel-item::after {\n",
       "  content: \"\";\n",
       "  width: 100%;\n",
       "  border-bottom: 2px solid var(--sklearn-color-text-on-default-background);\n",
       "  flex-grow: 1;\n",
       "}\n",
       "\n",
       "#sk-container-id-1 div.sk-parallel {\n",
       "  display: flex;\n",
       "  align-items: stretch;\n",
       "  justify-content: center;\n",
       "  background-color: var(--sklearn-color-background);\n",
       "  position: relative;\n",
       "}\n",
       "\n",
       "#sk-container-id-1 div.sk-parallel-item {\n",
       "  display: flex;\n",
       "  flex-direction: column;\n",
       "}\n",
       "\n",
       "#sk-container-id-1 div.sk-parallel-item:first-child::after {\n",
       "  align-self: flex-end;\n",
       "  width: 50%;\n",
       "}\n",
       "\n",
       "#sk-container-id-1 div.sk-parallel-item:last-child::after {\n",
       "  align-self: flex-start;\n",
       "  width: 50%;\n",
       "}\n",
       "\n",
       "#sk-container-id-1 div.sk-parallel-item:only-child::after {\n",
       "  width: 0;\n",
       "}\n",
       "\n",
       "/* Serial-specific style estimator block */\n",
       "\n",
       "#sk-container-id-1 div.sk-serial {\n",
       "  display: flex;\n",
       "  flex-direction: column;\n",
       "  align-items: center;\n",
       "  background-color: var(--sklearn-color-background);\n",
       "  padding-right: 1em;\n",
       "  padding-left: 1em;\n",
       "}\n",
       "\n",
       "\n",
       "/* Toggleable style: style used for estimator/Pipeline/ColumnTransformer box that is\n",
       "clickable and can be expanded/collapsed.\n",
       "- Pipeline and ColumnTransformer use this feature and define the default style\n",
       "- Estimators will overwrite some part of the style using the `sk-estimator` class\n",
       "*/\n",
       "\n",
       "/* Pipeline and ColumnTransformer style (default) */\n",
       "\n",
       "#sk-container-id-1 div.sk-toggleable {\n",
       "  /* Default theme specific background. It is overwritten whether we have a\n",
       "  specific estimator or a Pipeline/ColumnTransformer */\n",
       "  background-color: var(--sklearn-color-background);\n",
       "}\n",
       "\n",
       "/* Toggleable label */\n",
       "#sk-container-id-1 label.sk-toggleable__label {\n",
       "  cursor: pointer;\n",
       "  display: block;\n",
       "  width: 100%;\n",
       "  margin-bottom: 0;\n",
       "  padding: 0.5em;\n",
       "  box-sizing: border-box;\n",
       "  text-align: center;\n",
       "}\n",
       "\n",
       "#sk-container-id-1 label.sk-toggleable__label-arrow:before {\n",
       "  /* Arrow on the left of the label */\n",
       "  content: \"▸\";\n",
       "  float: left;\n",
       "  margin-right: 0.25em;\n",
       "  color: var(--sklearn-color-icon);\n",
       "}\n",
       "\n",
       "#sk-container-id-1 label.sk-toggleable__label-arrow:hover:before {\n",
       "  color: var(--sklearn-color-text);\n",
       "}\n",
       "\n",
       "/* Toggleable content - dropdown */\n",
       "\n",
       "#sk-container-id-1 div.sk-toggleable__content {\n",
       "  max-height: 0;\n",
       "  max-width: 0;\n",
       "  overflow: hidden;\n",
       "  text-align: left;\n",
       "  /* unfitted */\n",
       "  background-color: var(--sklearn-color-unfitted-level-0);\n",
       "}\n",
       "\n",
       "#sk-container-id-1 div.sk-toggleable__content.fitted {\n",
       "  /* fitted */\n",
       "  background-color: var(--sklearn-color-fitted-level-0);\n",
       "}\n",
       "\n",
       "#sk-container-id-1 div.sk-toggleable__content pre {\n",
       "  margin: 0.2em;\n",
       "  border-radius: 0.25em;\n",
       "  color: var(--sklearn-color-text);\n",
       "  /* unfitted */\n",
       "  background-color: var(--sklearn-color-unfitted-level-0);\n",
       "}\n",
       "\n",
       "#sk-container-id-1 div.sk-toggleable__content.fitted pre {\n",
       "  /* unfitted */\n",
       "  background-color: var(--sklearn-color-fitted-level-0);\n",
       "}\n",
       "\n",
       "#sk-container-id-1 input.sk-toggleable__control:checked~div.sk-toggleable__content {\n",
       "  /* Expand drop-down */\n",
       "  max-height: 200px;\n",
       "  max-width: 100%;\n",
       "  overflow: auto;\n",
       "}\n",
       "\n",
       "#sk-container-id-1 input.sk-toggleable__control:checked~label.sk-toggleable__label-arrow:before {\n",
       "  content: \"▾\";\n",
       "}\n",
       "\n",
       "/* Pipeline/ColumnTransformer-specific style */\n",
       "\n",
       "#sk-container-id-1 div.sk-label input.sk-toggleable__control:checked~label.sk-toggleable__label {\n",
       "  color: var(--sklearn-color-text);\n",
       "  background-color: var(--sklearn-color-unfitted-level-2);\n",
       "}\n",
       "\n",
       "#sk-container-id-1 div.sk-label.fitted input.sk-toggleable__control:checked~label.sk-toggleable__label {\n",
       "  background-color: var(--sklearn-color-fitted-level-2);\n",
       "}\n",
       "\n",
       "/* Estimator-specific style */\n",
       "\n",
       "/* Colorize estimator box */\n",
       "#sk-container-id-1 div.sk-estimator input.sk-toggleable__control:checked~label.sk-toggleable__label {\n",
       "  /* unfitted */\n",
       "  background-color: var(--sklearn-color-unfitted-level-2);\n",
       "}\n",
       "\n",
       "#sk-container-id-1 div.sk-estimator.fitted input.sk-toggleable__control:checked~label.sk-toggleable__label {\n",
       "  /* fitted */\n",
       "  background-color: var(--sklearn-color-fitted-level-2);\n",
       "}\n",
       "\n",
       "#sk-container-id-1 div.sk-label label.sk-toggleable__label,\n",
       "#sk-container-id-1 div.sk-label label {\n",
       "  /* The background is the default theme color */\n",
       "  color: var(--sklearn-color-text-on-default-background);\n",
       "}\n",
       "\n",
       "/* On hover, darken the color of the background */\n",
       "#sk-container-id-1 div.sk-label:hover label.sk-toggleable__label {\n",
       "  color: var(--sklearn-color-text);\n",
       "  background-color: var(--sklearn-color-unfitted-level-2);\n",
       "}\n",
       "\n",
       "/* Label box, darken color on hover, fitted */\n",
       "#sk-container-id-1 div.sk-label.fitted:hover label.sk-toggleable__label.fitted {\n",
       "  color: var(--sklearn-color-text);\n",
       "  background-color: var(--sklearn-color-fitted-level-2);\n",
       "}\n",
       "\n",
       "/* Estimator label */\n",
       "\n",
       "#sk-container-id-1 div.sk-label label {\n",
       "  font-family: monospace;\n",
       "  font-weight: bold;\n",
       "  display: inline-block;\n",
       "  line-height: 1.2em;\n",
       "}\n",
       "\n",
       "#sk-container-id-1 div.sk-label-container {\n",
       "  text-align: center;\n",
       "}\n",
       "\n",
       "/* Estimator-specific */\n",
       "#sk-container-id-1 div.sk-estimator {\n",
       "  font-family: monospace;\n",
       "  border: 1px dotted var(--sklearn-color-border-box);\n",
       "  border-radius: 0.25em;\n",
       "  box-sizing: border-box;\n",
       "  margin-bottom: 0.5em;\n",
       "  /* unfitted */\n",
       "  background-color: var(--sklearn-color-unfitted-level-0);\n",
       "}\n",
       "\n",
       "#sk-container-id-1 div.sk-estimator.fitted {\n",
       "  /* fitted */\n",
       "  background-color: var(--sklearn-color-fitted-level-0);\n",
       "}\n",
       "\n",
       "/* on hover */\n",
       "#sk-container-id-1 div.sk-estimator:hover {\n",
       "  /* unfitted */\n",
       "  background-color: var(--sklearn-color-unfitted-level-2);\n",
       "}\n",
       "\n",
       "#sk-container-id-1 div.sk-estimator.fitted:hover {\n",
       "  /* fitted */\n",
       "  background-color: var(--sklearn-color-fitted-level-2);\n",
       "}\n",
       "\n",
       "/* Specification for estimator info (e.g. \"i\" and \"?\") */\n",
       "\n",
       "/* Common style for \"i\" and \"?\" */\n",
       "\n",
       ".sk-estimator-doc-link,\n",
       "a:link.sk-estimator-doc-link,\n",
       "a:visited.sk-estimator-doc-link {\n",
       "  float: right;\n",
       "  font-size: smaller;\n",
       "  line-height: 1em;\n",
       "  font-family: monospace;\n",
       "  background-color: var(--sklearn-color-background);\n",
       "  border-radius: 1em;\n",
       "  height: 1em;\n",
       "  width: 1em;\n",
       "  text-decoration: none !important;\n",
       "  margin-left: 1ex;\n",
       "  /* unfitted */\n",
       "  border: var(--sklearn-color-unfitted-level-1) 1pt solid;\n",
       "  color: var(--sklearn-color-unfitted-level-1);\n",
       "}\n",
       "\n",
       ".sk-estimator-doc-link.fitted,\n",
       "a:link.sk-estimator-doc-link.fitted,\n",
       "a:visited.sk-estimator-doc-link.fitted {\n",
       "  /* fitted */\n",
       "  border: var(--sklearn-color-fitted-level-1) 1pt solid;\n",
       "  color: var(--sklearn-color-fitted-level-1);\n",
       "}\n",
       "\n",
       "/* On hover */\n",
       "div.sk-estimator:hover .sk-estimator-doc-link:hover,\n",
       ".sk-estimator-doc-link:hover,\n",
       "div.sk-label-container:hover .sk-estimator-doc-link:hover,\n",
       ".sk-estimator-doc-link:hover {\n",
       "  /* unfitted */\n",
       "  background-color: var(--sklearn-color-unfitted-level-3);\n",
       "  color: var(--sklearn-color-background);\n",
       "  text-decoration: none;\n",
       "}\n",
       "\n",
       "div.sk-estimator.fitted:hover .sk-estimator-doc-link.fitted:hover,\n",
       ".sk-estimator-doc-link.fitted:hover,\n",
       "div.sk-label-container:hover .sk-estimator-doc-link.fitted:hover,\n",
       ".sk-estimator-doc-link.fitted:hover {\n",
       "  /* fitted */\n",
       "  background-color: var(--sklearn-color-fitted-level-3);\n",
       "  color: var(--sklearn-color-background);\n",
       "  text-decoration: none;\n",
       "}\n",
       "\n",
       "/* Span, style for the box shown on hovering the info icon */\n",
       ".sk-estimator-doc-link span {\n",
       "  display: none;\n",
       "  z-index: 9999;\n",
       "  position: relative;\n",
       "  font-weight: normal;\n",
       "  right: .2ex;\n",
       "  padding: .5ex;\n",
       "  margin: .5ex;\n",
       "  width: min-content;\n",
       "  min-width: 20ex;\n",
       "  max-width: 50ex;\n",
       "  color: var(--sklearn-color-text);\n",
       "  box-shadow: 2pt 2pt 4pt #999;\n",
       "  /* unfitted */\n",
       "  background: var(--sklearn-color-unfitted-level-0);\n",
       "  border: .5pt solid var(--sklearn-color-unfitted-level-3);\n",
       "}\n",
       "\n",
       ".sk-estimator-doc-link.fitted span {\n",
       "  /* fitted */\n",
       "  background: var(--sklearn-color-fitted-level-0);\n",
       "  border: var(--sklearn-color-fitted-level-3);\n",
       "}\n",
       "\n",
       ".sk-estimator-doc-link:hover span {\n",
       "  display: block;\n",
       "}\n",
       "\n",
       "/* \"?\"-specific style due to the `<a>` HTML tag */\n",
       "\n",
       "#sk-container-id-1 a.estimator_doc_link {\n",
       "  float: right;\n",
       "  font-size: 1rem;\n",
       "  line-height: 1em;\n",
       "  font-family: monospace;\n",
       "  background-color: var(--sklearn-color-background);\n",
       "  border-radius: 1rem;\n",
       "  height: 1rem;\n",
       "  width: 1rem;\n",
       "  text-decoration: none;\n",
       "  /* unfitted */\n",
       "  color: var(--sklearn-color-unfitted-level-1);\n",
       "  border: var(--sklearn-color-unfitted-level-1) 1pt solid;\n",
       "}\n",
       "\n",
       "#sk-container-id-1 a.estimator_doc_link.fitted {\n",
       "  /* fitted */\n",
       "  border: var(--sklearn-color-fitted-level-1) 1pt solid;\n",
       "  color: var(--sklearn-color-fitted-level-1);\n",
       "}\n",
       "\n",
       "/* On hover */\n",
       "#sk-container-id-1 a.estimator_doc_link:hover {\n",
       "  /* unfitted */\n",
       "  background-color: var(--sklearn-color-unfitted-level-3);\n",
       "  color: var(--sklearn-color-background);\n",
       "  text-decoration: none;\n",
       "}\n",
       "\n",
       "#sk-container-id-1 a.estimator_doc_link.fitted:hover {\n",
       "  /* fitted */\n",
       "  background-color: var(--sklearn-color-fitted-level-3);\n",
       "}\n",
       "</style><div id=\"sk-container-id-1\" class=\"sk-top-container\"><div class=\"sk-text-repr-fallback\"><pre>LogisticRegression(multi_class=&#x27;multinomial&#x27;)</pre><b>In a Jupyter environment, please rerun this cell to show the HTML representation or trust the notebook. <br />On GitHub, the HTML representation is unable to render, please try loading this page with nbviewer.org.</b></div><div class=\"sk-container\" hidden><div class=\"sk-item\"><div class=\"sk-estimator fitted sk-toggleable\"><input class=\"sk-toggleable__control sk-hidden--visually\" id=\"sk-estimator-id-1\" type=\"checkbox\" checked><label for=\"sk-estimator-id-1\" class=\"sk-toggleable__label fitted sk-toggleable__label-arrow fitted\">&nbsp;&nbsp;LogisticRegression<a class=\"sk-estimator-doc-link fitted\" rel=\"noreferrer\" target=\"_blank\" href=\"https://scikit-learn.org/1.4/modules/generated/sklearn.linear_model.LogisticRegression.html\">?<span>Documentation for LogisticRegression</span></a><span class=\"sk-estimator-doc-link fitted\">i<span>Fitted</span></span></label><div class=\"sk-toggleable__content fitted\"><pre>LogisticRegression(multi_class=&#x27;multinomial&#x27;)</pre></div> </div></div></div></div>"
      ],
      "text/plain": [
       "LogisticRegression(multi_class='multinomial')"
      ]
     },
     "execution_count": 10,
     "metadata": {},
     "output_type": "execute_result"
    }
   ],
   "source": [
    "#training model\n",
    "model.fit(x_train,y_train)"
   ]
  },
  {
   "cell_type": "code",
   "execution_count": 11,
   "metadata": {},
   "outputs": [],
   "source": [
    "y_pred=model.predict(x_test)"
   ]
  },
  {
   "cell_type": "code",
   "execution_count": 12,
   "metadata": {},
   "outputs": [
    {
     "data": {
      "text/plain": [
       "array([1, 1, 0, 2, 1, 2, 2, 2, 0, 0, 2, 0, 0, 1, 1, 0, 1, 2, 0, 0, 1, 0,\n",
       "       2, 1, 0, 1, 1, 0, 2, 2, 0, 1, 0, 0, 0, 2, 0, 2, 1, 0, 0, 0, 1, 0,\n",
       "       1, 1, 0, 0, 0, 2, 1, 2, 0, 2, 2, 2, 0, 1, 1, 0, 0, 2, 0, 2, 0, 0,\n",
       "       2, 1, 0, 0, 2, 2, 2, 1, 1, 2, 2, 2, 2, 2, 0, 1, 0, 1, 2, 0, 2, 2,\n",
       "       1, 1, 2, 0, 0, 0, 1, 0, 0, 0, 1, 0, 0, 1, 0, 1, 0, 0, 1, 0, 2, 1,\n",
       "       0, 1, 1, 2, 2, 2, 1, 2, 0, 0, 2, 1, 0, 1, 1, 1, 0, 0, 0, 0, 0, 0,\n",
       "       2, 2, 2, 2, 2, 2, 0, 1, 0, 1, 0, 1, 2, 0, 1, 0, 2, 0, 0, 1, 1, 0,\n",
       "       2, 0, 1, 0, 2, 1, 2, 0, 1, 0, 0, 1, 2, 1, 0, 2, 0, 1, 1, 2, 1, 0,\n",
       "       2, 1, 1, 0, 1, 0, 1, 0, 2, 0, 0, 0, 0, 0, 1, 0, 0, 1, 1, 0, 0, 2,\n",
       "       1, 0])"
      ]
     },
     "execution_count": 12,
     "metadata": {},
     "output_type": "execute_result"
    }
   ],
   "source": [
    "y_pred"
   ]
  },
  {
   "cell_type": "code",
   "execution_count": 13,
   "metadata": {},
   "outputs": [
    {
     "data": {
      "text/plain": [
       "array([[1.15187735e-01, 5.68537932e-01, 3.16274333e-01],\n",
       "       [4.80088059e-02, 9.26495838e-01, 2.54953562e-02],\n",
       "       [7.39114330e-01, 1.57999085e-01, 1.02886585e-01],\n",
       "       [6.15511329e-03, 3.05145679e-02, 9.63330319e-01],\n",
       "       [6.62374229e-02, 8.54661607e-01, 7.91009700e-02],\n",
       "       [1.02416259e-01, 3.08307079e-01, 5.89276662e-01],\n",
       "       [3.52515627e-01, 2.28557292e-01, 4.18927081e-01],\n",
       "       [2.91347663e-01, 1.85187829e-01, 5.23464507e-01],\n",
       "       [5.08165975e-01, 1.95852060e-01, 2.95981965e-01],\n",
       "       [6.59180423e-01, 2.26067407e-01, 1.14752170e-01],\n",
       "       [4.22465408e-02, 3.22733975e-01, 6.35019485e-01],\n",
       "       [4.68663511e-01, 1.25829239e-01, 4.05507250e-01],\n",
       "       [8.82730292e-01, 2.13939437e-02, 9.58757645e-02],\n",
       "       [1.08550190e-01, 6.94552878e-01, 1.96896931e-01],\n",
       "       [6.94121608e-02, 8.59734374e-01, 7.08534651e-02],\n",
       "       [5.01323127e-01, 2.15105444e-01, 2.83571428e-01],\n",
       "       [1.11660631e-01, 8.12498879e-01, 7.58404894e-02],\n",
       "       [6.20236744e-03, 2.67580917e-01, 7.26216715e-01],\n",
       "       [6.63105932e-01, 4.88049492e-02, 2.88089118e-01],\n",
       "       [6.80341253e-01, 8.43364897e-02, 2.35322258e-01],\n",
       "       [1.41703642e-02, 8.82219974e-01, 1.03609662e-01],\n",
       "       [4.40452908e-01, 2.54274129e-01, 3.05272964e-01],\n",
       "       [2.17626912e-01, 2.17558187e-01, 5.64814901e-01],\n",
       "       [9.56591133e-03, 8.42604153e-01, 1.47829936e-01],\n",
       "       [7.90833484e-01, 1.68947366e-01, 4.02191500e-02],\n",
       "       [3.40680910e-01, 6.27706202e-01, 3.16128879e-02],\n",
       "       [2.92883229e-01, 4.76405571e-01, 2.30711200e-01],\n",
       "       [7.54679942e-01, 1.63124354e-01, 8.21957048e-02],\n",
       "       [1.92767004e-02, 8.41497129e-02, 8.96573587e-01],\n",
       "       [4.17954462e-02, 2.02995111e-01, 7.55209443e-01],\n",
       "       [7.79585174e-01, 5.44934222e-03, 2.14965484e-01],\n",
       "       [7.93375175e-02, 8.93962605e-01, 2.66998772e-02],\n",
       "       [5.61245779e-01, 9.22462035e-02, 3.46508017e-01],\n",
       "       [4.51401456e-01, 4.19954316e-01, 1.28644228e-01],\n",
       "       [6.62101705e-01, 2.70401721e-02, 3.10858123e-01],\n",
       "       [3.49642169e-01, 2.64798120e-01, 3.85559711e-01],\n",
       "       [5.05316580e-01, 1.34800618e-01, 3.59882803e-01],\n",
       "       [3.48984946e-01, 2.04121180e-01, 4.46893873e-01],\n",
       "       [1.28879368e-01, 8.43131567e-01, 2.79890653e-02],\n",
       "       [6.55218659e-01, 9.68857136e-02, 2.47895627e-01],\n",
       "       [5.28982484e-01, 1.90130667e-01, 2.80886849e-01],\n",
       "       [7.99323902e-01, 1.68662760e-01, 3.20133384e-02],\n",
       "       [1.46289449e-01, 7.13799231e-01, 1.39911320e-01],\n",
       "       [3.68315552e-01, 3.48752326e-01, 2.82932122e-01],\n",
       "       [8.95977658e-02, 8.93318030e-01, 1.70842046e-02],\n",
       "       [9.37950335e-02, 8.49811760e-01, 5.63932067e-02],\n",
       "       [6.02815948e-01, 7.35719992e-02, 3.23612052e-01],\n",
       "       [6.09468469e-01, 3.84960728e-02, 3.52035459e-01],\n",
       "       [4.23966190e-01, 3.25343925e-01, 2.50689885e-01],\n",
       "       [9.96888792e-02, 1.93646157e-01, 7.06664963e-01],\n",
       "       [3.54260442e-02, 9.31035919e-01, 3.35380364e-02],\n",
       "       [3.57767361e-01, 2.10452461e-01, 4.31780178e-01],\n",
       "       [5.22692831e-01, 2.65616136e-01, 2.11691034e-01],\n",
       "       [1.65281031e-02, 4.85967504e-01, 4.97504393e-01],\n",
       "       [8.40413412e-02, 2.33371092e-01, 6.82587567e-01],\n",
       "       [5.74770261e-02, 1.74343595e-01, 7.68179379e-01],\n",
       "       [5.15395207e-01, 1.37521605e-01, 3.47083188e-01],\n",
       "       [2.89273642e-01, 6.30472348e-01, 8.02540097e-02],\n",
       "       [3.70994698e-01, 5.00617674e-01, 1.28387627e-01],\n",
       "       [5.78313711e-01, 7.21259617e-02, 3.49560327e-01],\n",
       "       [5.37752150e-01, 7.00056153e-02, 3.92242235e-01],\n",
       "       [1.10385332e-01, 4.03360376e-01, 4.86254292e-01],\n",
       "       [9.64445531e-01, 9.28738349e-03, 2.62670854e-02],\n",
       "       [1.53407281e-01, 1.17686643e-01, 7.28906076e-01],\n",
       "       [5.84706217e-01, 1.61448858e-02, 3.99148897e-01],\n",
       "       [4.88400337e-01, 4.35442785e-01, 7.61568777e-02],\n",
       "       [1.94735528e-02, 1.59226945e-02, 9.64603753e-01],\n",
       "       [3.04046841e-01, 4.94619048e-01, 2.01334111e-01],\n",
       "       [5.39302272e-01, 1.26414214e-01, 3.34283514e-01],\n",
       "       [5.82304610e-01, 3.23041168e-01, 9.46542211e-02],\n",
       "       [2.41534597e-02, 3.12908735e-01, 6.62937806e-01],\n",
       "       [3.47875103e-01, 1.82576992e-02, 6.33867198e-01],\n",
       "       [4.23160197e-01, 1.32566128e-02, 5.63583191e-01],\n",
       "       [7.16566172e-02, 8.83616754e-01, 4.47266289e-02],\n",
       "       [4.08690006e-01, 4.74163836e-01, 1.17146157e-01],\n",
       "       [8.64453253e-02, 2.55386470e-01, 6.58168205e-01],\n",
       "       [5.87135686e-02, 2.25723061e-01, 7.15563371e-01],\n",
       "       [1.63246195e-01, 1.56727438e-01, 6.80026366e-01],\n",
       "       [8.64369416e-02, 3.81803261e-01, 5.31759798e-01],\n",
       "       [2.70464730e-01, 1.44955621e-01, 5.84579649e-01],\n",
       "       [9.62621919e-01, 3.03983339e-03, 3.43382474e-02],\n",
       "       [5.10220107e-02, 6.69468745e-01, 2.79509244e-01],\n",
       "       [8.78940606e-01, 4.05520862e-02, 8.05073077e-02],\n",
       "       [1.69247209e-01, 6.87777960e-01, 1.42974831e-01],\n",
       "       [5.15061144e-02, 4.94307028e-02, 8.99063183e-01],\n",
       "       [5.36578814e-01, 1.18973607e-01, 3.44447579e-01],\n",
       "       [6.31043937e-02, 2.05532902e-01, 7.31362705e-01],\n",
       "       [3.10539856e-02, 3.53586591e-01, 6.15359424e-01],\n",
       "       [3.17513672e-01, 4.62995459e-01, 2.19490869e-01],\n",
       "       [2.26896461e-01, 6.52120869e-01, 1.20982669e-01],\n",
       "       [3.42625094e-01, 1.91765359e-01, 4.65609547e-01],\n",
       "       [8.57076427e-01, 1.27754039e-01, 1.51695342e-02],\n",
       "       [7.25821678e-01, 1.89388903e-01, 8.47894194e-02],\n",
       "       [6.37150184e-01, 1.48077050e-01, 2.14772766e-01],\n",
       "       [1.36648506e-01, 7.41240130e-01, 1.22111363e-01],\n",
       "       [8.50797486e-01, 4.52043717e-02, 1.03998142e-01],\n",
       "       [7.77941045e-01, 1.96257186e-01, 2.58017689e-02],\n",
       "       [5.77300210e-01, 2.39083363e-02, 3.98791453e-01],\n",
       "       [1.65508096e-02, 9.03635252e-01, 7.98139380e-02],\n",
       "       [4.80071545e-01, 2.55171173e-01, 2.64757282e-01],\n",
       "       [8.23651833e-01, 4.50682170e-03, 1.71841345e-01],\n",
       "       [2.27213127e-01, 6.65010124e-01, 1.07776749e-01],\n",
       "       [6.13027640e-01, 1.05659825e-02, 3.76406377e-01],\n",
       "       [2.19019184e-01, 5.42252676e-01, 2.38728141e-01],\n",
       "       [5.52028730e-01, 8.38797812e-02, 3.64091489e-01],\n",
       "       [6.15956919e-01, 9.36369148e-02, 2.90406166e-01],\n",
       "       [1.47805852e-01, 7.37615190e-01, 1.14578959e-01],\n",
       "       [6.14071462e-01, 4.51831306e-02, 3.40745407e-01],\n",
       "       [1.92615245e-02, 4.73329366e-02, 9.33405539e-01],\n",
       "       [3.02503397e-01, 5.54728467e-01, 1.42768136e-01],\n",
       "       [8.66452342e-01, 5.44949796e-02, 7.90526783e-02],\n",
       "       [1.45901296e-01, 5.79382651e-01, 2.74716053e-01],\n",
       "       [1.98289937e-02, 9.42344059e-01, 3.78269475e-02],\n",
       "       [2.28785954e-01, 9.10031705e-02, 6.80210875e-01],\n",
       "       [1.69295746e-01, 1.39191718e-01, 6.91512537e-01],\n",
       "       [3.30776003e-01, 2.78201524e-01, 3.91022473e-01],\n",
       "       [1.31396804e-01, 8.14144695e-01, 5.44585008e-02],\n",
       "       [2.45281520e-01, 1.91797049e-01, 5.62921431e-01],\n",
       "       [8.19119051e-01, 8.32747046e-02, 9.76062440e-02],\n",
       "       [4.83556610e-01, 2.45357347e-01, 2.71086044e-01],\n",
       "       [3.98401006e-02, 2.47677737e-01, 7.12482162e-01],\n",
       "       [3.73559786e-01, 4.54467403e-01, 1.71972811e-01],\n",
       "       [5.91537302e-01, 1.17091830e-01, 2.91370868e-01],\n",
       "       [5.03627404e-02, 5.87867673e-01, 3.61769586e-01],\n",
       "       [3.17553660e-01, 6.74599439e-01, 7.84690069e-03],\n",
       "       [2.74898197e-01, 5.34693779e-01, 1.90408023e-01],\n",
       "       [4.95793689e-01, 1.52057482e-01, 3.52148829e-01],\n",
       "       [8.50056021e-01, 1.27388946e-01, 2.25550334e-02],\n",
       "       [5.10840678e-01, 2.20377786e-01, 2.68781536e-01],\n",
       "       [6.01356472e-01, 5.84336112e-02, 3.40209916e-01],\n",
       "       [6.57234904e-01, 3.17357683e-01, 2.54074126e-02],\n",
       "       [7.33195845e-01, 5.83840757e-02, 2.08420080e-01],\n",
       "       [6.08112554e-02, 2.72808694e-01, 6.66380051e-01],\n",
       "       [9.61820738e-02, 3.86012962e-02, 8.65216630e-01],\n",
       "       [6.97990051e-02, 4.64036638e-01, 4.66164357e-01],\n",
       "       [1.10059425e-01, 1.28354541e-01, 7.61586034e-01],\n",
       "       [2.62938069e-01, 1.26658551e-01, 6.10403380e-01],\n",
       "       [1.60939276e-01, 1.07812210e-01, 7.31248514e-01],\n",
       "       [7.42479918e-01, 5.32278731e-02, 2.04292209e-01],\n",
       "       [4.21580492e-02, 5.19399892e-01, 4.38442059e-01],\n",
       "       [5.06366017e-01, 4.24880545e-01, 6.87534388e-02],\n",
       "       [1.88011723e-01, 8.02280613e-01, 9.70766383e-03],\n",
       "       [4.42983098e-01, 3.53174735e-01, 2.03842168e-01],\n",
       "       [1.48310299e-01, 8.16774728e-01, 3.49149733e-02],\n",
       "       [1.59264525e-01, 1.01311591e-01, 7.39423884e-01],\n",
       "       [5.80199095e-01, 1.12118278e-01, 3.07682627e-01],\n",
       "       [2.58702073e-01, 4.60034412e-01, 2.81263515e-01],\n",
       "       [5.16765467e-01, 1.31248080e-01, 3.51986453e-01],\n",
       "       [2.44413101e-01, 6.65930108e-02, 6.88993888e-01],\n",
       "       [6.18603505e-01, 9.40477214e-02, 2.87348773e-01],\n",
       "       [5.68595112e-01, 5.99272492e-02, 3.71477639e-01],\n",
       "       [3.52168528e-01, 5.03237600e-01, 1.44593872e-01],\n",
       "       [1.12717795e-01, 5.39563455e-01, 3.47718749e-01],\n",
       "       [4.49622299e-01, 1.89381688e-01, 3.60996013e-01],\n",
       "       [1.17947852e-01, 7.41965589e-02, 8.07855589e-01],\n",
       "       [5.30021825e-01, 3.87529304e-01, 8.24488710e-02],\n",
       "       [3.10526690e-01, 4.59113167e-01, 2.30360143e-01],\n",
       "       [5.64904829e-01, 2.02464890e-01, 2.32630281e-01],\n",
       "       [1.32706430e-01, 1.48941081e-02, 8.52399462e-01],\n",
       "       [6.25321265e-02, 8.68105987e-01, 6.93618868e-02],\n",
       "       [2.27698987e-01, 2.82838355e-01, 4.89462659e-01],\n",
       "       [5.43594048e-01, 1.27628643e-01, 3.28777308e-01],\n",
       "       [2.79038308e-02, 8.06805011e-01, 1.65291158e-01],\n",
       "       [4.61304245e-01, 3.77094384e-01, 1.61601371e-01],\n",
       "       [5.93961795e-01, 8.43156702e-02, 3.21722535e-01],\n",
       "       [1.72136628e-01, 8.08680004e-01, 1.91833682e-02],\n",
       "       [2.31177756e-01, 8.10094410e-02, 6.87812803e-01],\n",
       "       [2.71251279e-01, 5.77677649e-01, 1.51071072e-01],\n",
       "       [5.71825427e-01, 2.34198627e-01, 1.93975946e-01],\n",
       "       [1.06413928e-01, 8.91345524e-02, 8.04451519e-01],\n",
       "       [4.87646031e-01, 1.14682545e-01, 3.97671424e-01],\n",
       "       [1.78749235e-02, 9.56139375e-01, 2.59857017e-02],\n",
       "       [4.74720121e-02, 9.23804511e-01, 2.87234768e-02],\n",
       "       [3.94158100e-01, 1.88093982e-01, 4.17747918e-01],\n",
       "       [2.28458870e-01, 5.22686288e-01, 2.48854842e-01],\n",
       "       [6.87733000e-01, 2.65827248e-01, 4.64397514e-02],\n",
       "       [1.37742643e-02, 1.35855698e-01, 8.50370037e-01],\n",
       "       [3.01862464e-01, 6.74200866e-01, 2.39366697e-02],\n",
       "       [7.24044030e-02, 9.20442920e-01, 7.15267699e-03],\n",
       "       [3.90765099e-01, 3.14038573e-01, 2.95196328e-01],\n",
       "       [3.90388734e-04, 8.32286687e-01, 1.67322924e-01],\n",
       "       [5.00218203e-01, 2.53325947e-01, 2.46455851e-01],\n",
       "       [6.01368135e-03, 7.46684948e-01, 2.47301370e-01],\n",
       "       [5.68574807e-01, 3.65944465e-01, 6.54807275e-02],\n",
       "       [1.98063233e-02, 4.55439375e-01, 5.24754301e-01],\n",
       "       [6.18595726e-01, 1.74050578e-02, 3.63999216e-01],\n",
       "       [6.65800234e-01, 2.79257887e-01, 5.49418788e-02],\n",
       "       [5.44373049e-01, 3.42702855e-02, 4.21356666e-01],\n",
       "       [6.53186183e-01, 2.60655311e-01, 8.61585063e-02],\n",
       "       [4.31473306e-01, 1.67841331e-01, 4.00685363e-01],\n",
       "       [1.20952336e-02, 9.51351652e-01, 3.65531148e-02],\n",
       "       [7.70190297e-01, 4.86484244e-02, 1.81161278e-01],\n",
       "       [5.71931008e-01, 3.53689737e-02, 3.92700019e-01],\n",
       "       [1.79905135e-02, 9.49463784e-01, 3.25457025e-02],\n",
       "       [4.42200332e-01, 5.00182080e-01, 5.76175888e-02],\n",
       "       [7.76256114e-01, 4.89019127e-02, 1.74841973e-01],\n",
       "       [8.26249524e-01, 5.63932565e-02, 1.17357220e-01],\n",
       "       [4.27785280e-01, 1.34374498e-01, 4.37840222e-01],\n",
       "       [1.74536343e-01, 6.20195167e-01, 2.05268490e-01],\n",
       "       [7.88981964e-01, 1.13185979e-02, 1.99699438e-01]])"
      ]
     },
     "execution_count": 13,
     "metadata": {},
     "output_type": "execute_result"
    }
   ],
   "source": [
    "model.predict_proba(x_test)#jiski probality jada hogi wo output hoga"
   ]
  },
  {
   "cell_type": "code",
   "execution_count": 15,
   "metadata": {},
   "outputs": [],
   "source": [
    "from sklearn.metrics import confusion_matrix,accuracy_score,classification_report"
